image: irdc_mars.pgm
resolution: 0.050000
origin: [-21.649988, -11.762978, 0.000000]
negate: 0
occupied_thresh: 0.65
free_thresh: 0.196

