image: square_map.pgm
resolution: 0.050000
origin: [4.387955, -5.052224, 0.000000]
negate: 0
occupied_thresh: 0.65
free_thresh: 0.196

